0;2;21;1;8

1;2;21;1;3

2;2;21;1;7

3;2;95;2;8

4;2;95;2;10

5;2;110;5;8

6;2;110;5;7

7;2;110;5;14

8;2;163;4;8

9;2;163;4;6

10;2;163;4;10

11;2;165;3;8

12;2;165;3;10

13;2;235;3;3

14;2;235;3;7

15;2;265;4;7

16;2;265;4;6

17;2;292;3;8

18;2;292;3;7

19;2;292;3;10

20;2;318;5;7

21;2;349;4;8

22;2;349;4;4

23;2;349;4;10

24;2;356;5;3

25;2;356;5;6

26;2;356;5;14

27;2;368;4;8

28;2;368;4;3

29;2;368;4;18

30;2;380;5;8

31;2;380;5;4

32;2;380;5;3

33;2;380;5;6

34;2;434;2;8

35;2;434;2;4

36;2;434;2;9

37;2;442;3;8

38;2;442;3;12

39;2;457;4;8

40;2;457;4;10

41;2;459;3;8

42;2;480;5;8

43;2;480;5;4

44;2;480;5;12

45;2;498;3;7

46;2;498;3;6

47;2;515;5;7

48;2;589;4;8

49;2;589;4;12

50;2;589;4;10

51;2;590;5;4

52;2;590;5;7

53;2;590;5;18

54;2;593;5;7

55;2;593;5;10

56;2;647;3;7

57;2;647;3;14

58;2;648;4;8

59;2;648;4;4

60;2;648;4;16

61;2;736;4;8

62;2;736;4;4

63;2;736;4;6

64;2;736;4;10

65;2;780;3;8

66;2;780;3;12

67;2;780;3;14

68;2;902;2;7

69;2;902;2;6

70;2;920;5;7

71;2;920;5;6

72;2;920;5;14

73;2;982;4;7

74;2;1084;3;9

75;2;1084;3;7

76;2;1090;2;7

77;2;1090;2;14

78;2;1096;4;7

79;2;1103;3;7

80;2;1124;5;7

81;2;1188;4;3

82;2;1188;4;6

83;2;1193;5;7

84;2;1196;5;8

85;2;1196;5;4

86;2;1196;5;7

87;2;1196;5;12

88;2;1196;5;14

89;2;1198;4;8

90;2;1198;4;4

91;2;1207;4;7

92;2;1210;4;8

93;2;1210;4;4

94;2;1210;4;6

95;2;1210;4;12

96;2;1210;4;14

97;2;1213;2;9

98;2;1213;2;7

99;2;1217;3;7

100;2;1217;3;14

101;2;1225;5;7

102;2;1244;3;3

103;2;1244;3;7

104;2;1244;3;6

105;2;1245;2;7

106;2;1246;5;7

107;2;1247;5;7

108;2;1247;5;6

109;2;1253;3;7

110;2;1253;3;12

111;2;1259;5;4

112;2;1259;5;3

113;2;1259;5;7

114;2;1265;3;3

115;2;1265;3;6

116;2;1293;5;7

117;2;1357;5;7

118;2;1357;5;6

119;2;1370;5;8

120;2;1370;5;10

121;2;1372;3;8

122;2;1372;3;4

123;2;1372;3;12

124;2;1385;3;8

125;2;1408;3;8

126;2;1408;3;6

127;2;1408;3;14

128;2;1442;4;7

129;2;1527;4;8

130;2;1527;4;12

131;2;1537;4;3

132;2;1544;4;8

133;2;1544;4;4

134;2;1544;4;12

135;2;1544;4;10

136;2;1552;3;8

137;2;1552;3;4

138;2;1552;3;10

139;2;1597;3;8

140;2;1597;3;16

141;2;1597;3;6

142;2;1597;3;10

143;2;1610;5;8

144;2;1610;5;10

145;2;1687;3;8

146;2;1687;3;10

147;2;1690;3;8

148;2;1690;3;11

149;2;1690;3;12

150;2;1784;5;3

151;2;1784;5;7

152;2;1792;3;8

153;2;1792;3;10

154;2;1801;3;8

155;2;1801;3;7

156;2;1801;3;6

157;2;1834;4;7

158;2;1834;4;10

159;2;1873;4;7

160;2;1917;3;8

161;2;1917;3;4

162;2;1917;3;12

163;2;1917;3;10

164;2;1945;5;9

165;2;1945;5;7

166;2;1953;4;8

167;2;1953;4;9

168;2;1953;4;7

169;2;1953;4;10

170;2;1954;5;8

171;2;1954;5;7

172;2;1955;4;7

173;2;1957;5;7

174;2;1962;5;7

175;2;1968;2;3

176;2;1968;2;7

177;2;2002;5;8

178;2;2002;5;3

179;2;2002;5;9

180;2;2002;5;7

181;2;2006;3;8

182;2;2006;3;4

183;2;2006;3;6

184;2;2028;4;8

185;2;2028;4;7

186;2;2028;4;14

187;2;2067;5;7

188;2;2067;5;6

189;2;2067;5;14

190;2;2126;3;8

191;2;2126;3;9

192;2;2126;3;16

193;2;2126;3;10

194;2;2194;4;8

195;2;2194;4;9

196;2;2194;4;7

197;2;2236;5;7

198;2;2268;5;9

199;2;2268;5;7

200;2;2278;3;8

201;2;2278;3;9

202;2;2278;3;10

203;2;2312;3;7

204;2;2321;3;3

205;2;2353;4;8

206;2;2353;4;10

207;2;2359;3;3

208;2;2396;4;3

209;2;2396;4;6

210;2;2427;2;8

211;2;2427;2;7

212;2;2427;2;14

213;2;2490;3;8

214;2;2490;3;10

215;2;2501;5;7

216;2;2571;4;8

217;2;2571;4;12

218;2;2571;4;10

219;2;2628;3;8

220;2;2628;3;4

221;2;2628;3;5

222;2;2628;3;12

223;2;2717;3;3

224;2;2717;3;11

225;2;2728;3;7

226;2;2852;3;7

227;2;2858;4;3

228;2;2858;4;7

229;2;2881;3;8

230;2;2881;3;10

231;2;2916;3;8

232;2;2916;3;4

233;2;2916;3;12

234;2;2916;3;10

235;2;2943;4;7

236;2;2943;4;6

237;2;3030;4;3

238;2;3030;4;7

239;2;3030;4;18

240;2;3035;4;3

241;2;3035;4;7

242;2;3035;4;14

243;2;3068;4;7

244;2;3071;4;7

245;2;3095;4;7

246;2;3105;4;7

247;2;3107;2;8

248;2;3107;2;7

249;2;3108;3;3

250;2;3108;3;7

251;2;3108;3;6

252;2;3147;5;7

253;2;3147;5;10

254;2;3255;4;3

255;2;3255;4;7

256;2;3256;2;8

257;2;3256;2;10

258;2;3257;3;8

259;2;3257;3;7

260;2;3257;3;6

261;2;3257;3;10

262;2;3334;4;9

263;2;3334;4;7

264;2;3334;4;17

265;2;3334;4;10

266;2;3418;4;8

267;2;3418;4;7

268;2;3451;4;3

269;2;3451;4;7

270;2;3468;5;7

271;2;3471;5;7

272;2;3471;5;12

273;2;3578;5;8

274;2;3578;5;7

275;2;3654;3;8

276;2;3654;3;7

277;2;3654;3;14

278;2;3678;3;7

279;2;3699;2;4

280;2;3699;2;7

281;2;3699;2;6

282;2;3699;2;12

283;2;3735;3;9

284;2;3735;3;7

285;2;3809;3;3

286;2;3893;1;3

287;2;3893;1;10

288;5;41;4;14

289;5;47;3;9

290;5;47;3;10

291;5;50;5;9

292;5;50;5;10

293;5;52;2;3

294;5;150;2;7

295;5;162;4;13

296;5;176;4;3

297;5;194;3;7

298;5;202;2;7

299;5;202;2;6

300;5;215;3;7

301;5;215;3;6

302;5;224;3;3

303;5;224;3;7

304;5;224;3;6

305;5;229;3;7

306;5;229;3;10

307;5;265;3;7

308;5;265;3;6

309;5;272;3;7

310;5;288;2;8

311;5;288;2;10

312;5;296;4;9

313;5;296;4;7

314;5;299;3;7

315;5;318;3;7

316;5;321;3;7

317;5;348;4;3

318;5;353;2;8

319;5;353;2;6

320;5;353;2;10

321;5;356;1;3

322;5;356;1;6

323;5;356;1;14

324;5;357;2;3

325;5;357;2;6

326;5;377;4;8

327;5;377;4;6

328;5;377;4;10

329;5;412;2;7

330;5;461;3;7

331;5;461;3;6

332;5;497;3;3

333;5;497;3;6

334;5;501;1;7

335;5;506;4;7

336;5;509;4;7

337;5;509;4;6

338;5;515;4;7

339;5;551;4;2

340;5;551;4;3

341;5;551;4;15

342;5;562;4;3

343;5;562;4;7

344;5;581;3;13

345;5;593;4;7

346;5;593;4;10

347;5;608;4;9

348;5;608;4;7

349;5;608;4;10

350;5;714;4;18

351;5;728;4;3

352;5;733;1;8

353;5;733;1;4

354;5;733;1;10

355;5;800;2;7

356;5;800;2;16

357;5;860;2;3

358;5;866;4;9

359;5;866;4;7

360;5;866;4;6

361;5;866;4;10

362;5;896;4;7

363;5;908;4;7

364;5;908;4;10

365;5;913;5;17

366;5;913;5;16

367;5;919;4;4

368;5;919;4;2

369;5;919;4;7

370;5;919;4;15

371;5;968;3;11

372;5;968;3;12

373;5;994;5;7

374;5;1046;5;7

375;5;1046;5;6

376;5;1089;5;9

377;5;1089;5;10

378;5;1093;2;7

379;5;1093;2;15

380;5;1095;4;7

381;5;1127;1;8

382;5;1127;1;4

383;5;1127;1;12

384;5;1127;1;10

385;5;1171;4;3

386;5;1175;5;3

387;5;1175;5;12

388;5;1191;2;13

389;5;1192;5;13

390;5;1213;5;9

391;5;1213;5;7

392;5;1243;3;3

393;5;1243;3;7

394;5;1250;5;7

395;5;1250;5;14

396;5;1268;2;7

397;5;1279;1;3

398;5;1279;1;7

399;5;1392;4;3

400;5;1392;4;7

401;5;1429;3;8

402;5;1449;4;3

403;5;1466;3;9

404;5;1466;3;7

405;5;1485;3;3

406;5;1500;3;3

407;5;1500;3;9

408;5;1509;3;7

409;5;1513;4;3

410;5;1517;4;3

411;5;1527;3;8

412;5;1527;3;12

413;5;1529;4;7

414;5;1535;4;7

415;5;1535;4;6

416;5;1554;3;7

417;5;1554;3;6

418;5;1580;4;8

419;5;1580;4;4

420;5;1580;4;3

421;5;1580;4;12

422;5;1594;1;7

423;5;1610;4;8

424;5;1610;4;10

425;5;1617;3;9

426;5;1617;3;17

427;5;1617;3;16

428;5;1617;3;10

429;5;1635;4;7

430;5;1643;3;7

431;5;1643;3;6

432;5;1649;4;13

433;5;1650;3;7

434;5;1653;2;7

435;5;1653;2;12

436;5;1653;2;10

437;5;1683;3;7

438;5;1683;3;6

439;5;1683;3;10

440;5;1684;3;6

441;5;1704;3;7

442;5;1715;4;10

443;5;1719;3;7

444;5;1721;1;7

445;5;1721;1;6

446;5;1722;2;8

447;5;1722;2;6

448;5;1722;2;10

449;5;1729;4;9

450;5;1729;4;7

451;5;1730;4;7

452;5;1732;5;3

453;5;1732;5;9

454;5;1732;5;16

455;5;1732;5;10

456;5;1733;3;7

457;5;1733;3;6

458;5;1734;4;3

459;5;1734;4;7

460;5;1747;2;3

461;5;1747;2;7

462;5;1759;4;7

463;5;1788;3;8

464;5;1788;3;7

465;5;1794;3;3

466;5;1794;3;7

467;5;1884;3;3

468;5;1884;3;7

469;5;1885;4;3

470;5;1885;4;7

471;5;1897;4;7

472;5;1897;4;6

473;5;1909;3;16

474;5;1909;3;12

475;5;1909;3;10

476;5;1912;3;8

477;5;1912;3;9

478;5;1912;3;6

479;5;1921;4;12

480;5;1921;4;10

481;5;1923;3;3

482;5;1966;2;3

483;5;2013;3;8

484;5;2013;3;4

485;5;2028;2;8

486;5;2028;2;7

487;5;2028;2;14

488;5;2029;4;3

489;5;2029;4;6

490;5;2058;1;8

491;5;2058;1;10

492;5;2070;2;7

493;5;2159;1;9

494;5;2159;1;11

495;5;2188;1;7

496;5;2268;2;9

497;5;2268;2;7

498;5;2282;3;3

499;5;2282;3;7

500;5;2289;4;3

501;5;2289;4;7

502;5;2291;5;7

503;5;2291;5;6

504;5;2318;4;3

505;5;2323;4;13

506;5;2333;4;7

507;5;2337;5;7

508;5;2353;3;8

509;5;2353;3;10

510;5;2355;5;1

511;5;2355;5;2

512;5;2355;5;3

513;5;2359;3;3

514;5;2384;3;2

515;5;2384;3;3

516;5;2390;4;3

517;5;2395;5;3

518;5;2427;5;8

519;5;2427;5;7

520;5;2427;5;14

521;5;2428;3;11

522;5;2428;3;12

523;5;2437;2;7

524;5;2560;4;7

525;5;2560;4;11

526;5;2571;5;8

527;5;2571;5;12

528;5;2571;5;10

529;5;2580;4;9

530;5;2599;5;3

531;5;2607;2;7

532;5;2683;3;3

533;5;2692;4;8

534;5;2692;4;9

535;5;2692;4;6

536;5;2700;4;1

537;5;2700;4;3

538;5;2716;3;3

539;5;2716;3;11

540;5;2717;1;3

541;5;2717;1;11

542;5;2721;3;6

543;5;2723;4;8

544;5;2723;4;4

545;5;2723;4;3

546;5;2725;2;7

547;5;2734;2;7

548;5;2759;3;3

549;5;2762;3;10

550;5;2770;4;3

551;5;2806;2;3

552;5;2806;2;10

553;5;2858;4;3

554;5;2858;4;7

555;5;2890;4;7

556;5;2890;4;14

557;5;2908;4;7

558;5;2916;1;8

559;5;2916;1;4

560;5;2916;1;12

561;5;2916;1;10

562;5;2952;2;9

563;5;2952;2;10

564;5;2959;4;7

565;5;2987;4;4

566;5;2987;4;1

567;5;2987;4;17

568;5;2997;5;3

569;5;3006;3;7

570;5;3016;4;11

571;5;3020;1;8

572;5;3020;1;7

573;5;3046;3;3

574;5;3046;3;6

575;5;3051;2;7

576;5;3079;2;7

577;5;3081;3;11

578;5;3081;3;6

579;5;3083;5;3

580;5;3083;5;7

581;5;3100;1;7

582;5;3105;2;7

583;5;3113;1;8

584;5;3113;1;10

585;5;3163;5;7

586;5;3176;2;7

587;5;3176;2;16

588;5;3176;2;10

589;5;3249;1;10

590;5;3260;4;7

591;5;3266;2;8

592;5;3266;2;3

593;5;3266;2;9

594;5;3266;2;7

595;5;3267;4;8

596;5;3267;4;10

597;5;3386;2;7

598;5;3386;2;16

599;5;3408;3;7

600;5;3409;3;7

601;5;3409;3;10

602;5;3418;3;8

603;5;3418;3;7

604;5;3476;3;11

605;5;3476;3;16

606;5;3476;3;10

607;5;3499;3;11

608;5;3513;1;7

609;5;3513;1;10

610;5;3514;2;7

611;5;3578;2;8

612;5;3578;2;7

613;5;3624;3;8

614;5;3728;2;10

615;5;3744;1;8

616;5;3744;1;9

617;5;3786;3;3

618;5;3793;2;8

619;5;3793;2;12

620;5;3799;3;1

621;5;3799;3;2

622;8;1682;4;7

623;8;1693;3;7

624;8;1701;4;3

625;8;1701;4;7

626;8;1704;5;7

627;8;1711;3;3

628;8;1711;3;9

629;8;1711;3;7

630;8;1711;3;16

631;8;1721;5;7

632;8;1721;5;6

633;8;1730;4;7

634;8;1735;4;7

635;8;1735;4;6

636;8;1801;3;8

637;8;1801;3;7

638;8;1801;3;6

639;8;1810;2;7

640;8;1836;4;7

641;8;1840;4;7

642;8;1916;5;8

643;8;1916;5;3

644;8;1916;5;7

645;8;2006;3;8

646;8;2006;3;4

647;8;2006;3;6

648;8;2023;3;8

649;8;2023;3;9

650;8;2023;3;7

651;8;2028;5;8

652;8;2028;5;7

653;8;2028;5;14

654;8;2268;3;9

655;8;2268;3;7

656;8;2278;3;8

657;8;2278;3;9

658;8;2278;3;10

659;8;2291;5;7

660;8;2291;5;6

661;8;2297;3;7

662;8;2297;3;6

663;8;2314;3;7

664;8;2320;2;7

665;8;2320;2;10

666;8;2324;3;3

667;8;2324;3;7

668;8;2329;5;7

669;8;2336;3;7

670;8;2396;5;3

671;8;2396;5;6

672;8;2427;5;8

673;8;2427;5;7

674;8;2427;5;14

675;8;2429;2;4

676;8;2429;2;2

677;8;2429;2;7

678;8;2442;4;7

679;8;2490;2;8

680;8;2490;2;10

681;8;2541;3;7

682;8;2571;5;8

683;8;2571;5;12

684;8;2571;5;10

685;8;2600;2;8

686;8;2600;2;12

687;8;2600;2;10

688;8;2686;4;7

689;8;2686;4;16

690;8;2688;3;7

691;8;2688;3;10

692;8;2692;5;8

693;8;2692;5;9

694;8;2692;5;6

695;8;2699;5;8

696;8;2699;5;3

697;8;2699;5;12

698;8;2699;5;10

699;8;2702;3;7

700;8;2712;3;7

701;8;2858;5;3

702;8;2858;5;7

703;8;2908;3;7

704;8;2916;5;8

705;8;2916;5;4

706;8;2916;5;12

707;8;2916;5;10

708;8;3006;3;7

709;8;3105;4;7

710;8;3107;5;8

711;8;3107;5;7

712;8;3147;5;7

713;8;3147;5;10

714;8;3148;3;7

715;8;3155;3;7

716;8;3155;3;6

717;8;3173;2;7

718;8;3186;4;7

719;8;3213;3;1

720;8;3213;3;2

721;8;3246;4;7

722;8;3250;3;7

723;8;3252;3;7

724;8;3256;5;8

725;8;3256;5;10

726;8;3257;3;8

727;8;3257;3;7

728;8;3257;3;6

729;8;3257;3;10

730;8;3259;4;7

731;8;3259;4;6

732;8;3260;3;7

733;8;3265;5;8

734;8;3265;5;9

735;8;3267;5;8

736;8;3267;5;10

737;8;3386;3;7

738;8;3386;3;16

739;8;3418;3;8

740;8;3418;3;7

741;8;3425;3;7

742;8;3481;4;3

743;8;3500;3;3

744;8;3500;3;7

745;8;3528;4;7

746;8;3528;4;6

747;10;648;4;4

748;10;648;4;16

749;10;653;4;8

750;10;653;4;4

751;10;653;4;5

752;10;671;3;3

753;10;671;3;12

754;10;720;5;1

755;10;743;3;3

756;10;745;5;1

757;10;745;5;3

758;10;745;5;10

759;10;750;4;12

760;10;750;4;14

761;10;765;4;3

762;10;765;4;7

763;10;780;5;8

764;10;780;5;12

765;10;780;5;14

766;10;784;3;3

767;10;802;5;7

768;10;802;5;6

769;10;830;5;3

770;10;858;3;8

771;10;858;3;9

772;10;858;3;7

773;10;898;4;3

774;10;898;4;6

775;10;899;4;15

776;10;899;4;6

777;10;902;5;7

778;10;902;5;6

779;10;904;4;16

780;10;904;4;10

781;10;912;3;7

782;10;912;3;6

783;10;912;3;14

784;10;913;3;17

785;10;913;3;16

786;10;914;5;15

787;10;914;5;6

788;10;915;5;3

789;10;915;5;6

790;10;916;5;3

791;10;916;5;6

792;10;918;5;15

793;10;919;5;4

794;10;919;5;2

795;10;919;5;7

796;10;919;5;15

797;10;920;5;7

798;10;920;5;6

799;10;920;5;14

800;10;923;3;7

801;10;924;3;7

802;10;924;3;16

803;10;924;3;12

804;10;924;3;10

805;10;926;4;7

806;10;932;2;6

807;10;938;4;15

808;10;943;4;7

809;10;943;4;6

810;10;953;5;7

811;10;954;5;7

812;10;963;5;15

813;10;969;3;8

814;10;969;3;4

815;10;969;3;6

816;10;969;3;14

817;10;971;5;7

818;10;1009;5;4

819;10;1009;5;2

820;10;1009;5;5

821;10;1012;3;2

822;10;1012;3;7

823;10;1015;3;4

824;10;1015;3;2

825;10;1016;5;2

826;10;1016;5;3

827;10;1019;4;4

828;10;1019;4;2

829;10;1019;4;5

830;10;1019;4;12

831;10;1020;3;3

832;10;1022;5;1

833;10;1022;5;2

834;10;1022;5;15

835;10;1023;5;1

836;10;1023;5;2

837;10;1025;4;1

838;10;1025;4;2

839;10;1028;5;2

840;10;1028;5;3

841;10;1028;5;15

842;10;1030;3;4

843;10;1030;3;1

844;10;1030;3;2

845;10;1030;3;15

846;10;1031;4;4

847;10;1031;4;2

848;10;1031;4;15

849;10;1032;4;1

850;10;1032;4;2

851;10;1032;4;15

852;10;1035;5;15

853;10;1042;5;3

854;10;1059;5;7

855;10;1059;5;6

856;10;1073;5;4

857;10;1073;5;2

858;10;1073;5;3

859;10;1073;5;5

860;10;1079;5;3

861;10;1080;5;3

862;10;1084;4;9

863;10;1084;4;7

864;10;1088;5;15

865;10;1088;5;6

866;10;1091;3;3

867;10;1097;5;2

868;10;1097;5;7

869;10;1097;5;5

870;10;1097;5;12

871;10;1101;4;8

872;10;1101;4;6

873;10;1104;4;7

874;10;1124;5;7

875;10;1125;4;3

876;10;1127;4;8

877;10;1127;4;4

878;10;1127;4;12

879;10;1127;4;10

880;10;1129;4;8

881;10;1129;4;4

882;10;1129;4;12

883;10;1129;4;10

884;10;1135;4;3

885;10;1136;4;3

886;10;1148;5;1

887;10;1148;5;3

888;10;1196;5;8

889;10;1196;5;4

890;10;1196;5;7

891;10;1196;5;12

892;10;1196;5;14

893;10;1197;5;8

894;10;1197;5;4

895;10;1197;5;3

896;10;1197;5;6

897;10;1198;5;8

898;10;1198;5;4

899;10;1200;5;8

900;10;1200;5;12

901;10;1200;5;10

902;10;1200;5;14

903;10;1201;2;8

904;10;1201;2;18

905;10;1203;3;7

906;10;1204;4;4

907;10;1204;4;14

908;10;1210;4;8

909;10;1210;4;4

910;10;1210;4;6

911;10;1210;4;12

912;10;1210;4;14

913;10;1214;4;8

914;10;1214;4;11

915;10;1214;4;12

916;10;1214;4;10

917;10;1215;4;8

918;10;1215;4;4

919;10;1215;4;3

920;10;1215;4;11

921;10;1215;4;12

922;10;1220;4;8

923;10;1220;4;3

924;10;1220;4;15

925;10;1221;3;8

926;10;1221;3;9

927;10;1221;3;7

928;10;1223;5;1

929;10;1223;5;3

930;10;1225;4;7

931;10;1230;4;3

932;10;1230;4;6

933;10;1233;4;8

934;10;1233;4;7

935;10;1233;4;14

936;10;1234;4;3

937;10;1234;4;9

938;10;1240;5;8

939;10;1240;5;12

940;1;260;4;8

940;3;2115;4;8

940;9;1307;4;6

941;1;260;4;4

941;3;2115;4;4

941;9;1310;3;13

942;1;260;4;5

942;3;2167;5;8

942;9;1343;3;10

943;1;260;4;12

943;3;2167;5;4

943;9;1356;3;8

944;1;527;5;7

944;3;2167;5;11

944;9;1356;3;4

945;1;527;5;14

945;3;2355;5;1

945;9;1356;3;12

946;1;531;4;2

946;3;2355;5;2

946;9;1358;4;7

947;1;531;4;7

947;3;2355;5;3

947;9;1358;4;10

948;1;588;4;1

948;3;2470;4;4

948;9;1393;3;7

949;1;588;4;2

949;3;2470;4;3

949;9;1393;3;6

950;1;588;4;3

950;3;2617;2;8

950;9;1446;3;3

951;1;588;4;15

951;3;2617;2;4

951;9;1466;4;9

952;1;594;4;1

952;3;2617;2;11

952;9;1466;4;7

953;1;594;4;2

953;3;2617;2;10

953;9;1500;4;3

954;1;594;4;15

954;3;2735;4;8

954;9;1500;4;9

955;1;595;5;1

955;3;2735;4;4

955;9;1552;2;8

956;1;595;5;2

956;3;2735;4;3

956;9;1552;2;4

957;1;595;5;15

957;3;2858;4;3

957;9;1552;2;10

958;1;608;4;9

958;3;2858;4;7

958;9;1584;5;7

959;1;608;4;7

959;3;2871;4;4

959;9;1584;5;12

960;1;608;4;10

960;3;2871;4;10

960;9;1617;4;9

961;1;661;3;1

961;3;2997;3;3

961;9;1617;4;17

962;1;661;3;2

962;3;3114;3;1

962;9;1617;4;16

963;1;661;3;15

963;3;3114;3;2

963;9;1617;4;10

964;1;720;3;1

964;3;3114;3;3

964;9;1639;4;7

965;1;745;3;1

965;3;3168;4;4

965;9;1639;4;6

966;1;745;3;3

966;3;3168;4;7

966;9;1653;4;7

967;1;745;3;10

967;3;3421;4;3

967;9;1653;4;12

968;1;783;4;1

968;3;3534;3;3

968;9;1653;4;10

969;1;783;4;2

969;3;3552;5;3

969;9;1669;3;6

970;1;783;4;15

970;3;3619;2;3

970;9;1682;4;7

971;1;914;3;15

971;3;3671;5;3

971;9;1704;4;7

972;1;914;3;6

972;3;3671;5;18

972;9;1721;5;7

973;1;919;4;4

973;3;3868;3;3

973;9;1721;5;6

974;1;919;4;2

974;3;104;4;3

974;9;1777;4;3

975;1;919;4;7

975;3;260;5;8

975;9;1777;4;6

976;1;919;4;15

976;3;260;5;4

976;9;1784;3;3

977;1;938;4;15

977;3;260;5;5

977;9;1784;3;7

978;1;1022;5;1

978;3;260;5;12

978;9;1912;3;8

979;1;1022;5;2

979;3;480;4;8

979;9;1912;3;9

980;1;1022;5;15

980;3;480;4;4

980;9;1912;3;6

981;1;1028;5;2

981;3;480;4;12

981;9;1921;4;12

982;1;1028;5;3

982;3;552;4;8

982;9;1921;4;10

983;1;1028;5;15

983;3;552;4;4

983;9;1923;5;3

984;1;1029;5;1

984;3;552;4;3

984;9;1961;5;7

985;1;1029;5;2

985;3;590;4;4

985;9;2028;5;8

986;1;1029;5;15

986;3;590;4;7

986;9;2028;5;7

987;1;1035;5;15

987;3;590;4;18

987;9;2028;5;14

988;1;1097;4;2

988;3;593;3;7

988;9;2166;4;7

989;1;1097;4;7

989;3;593;3;10

989;9;2166;4;6

990;1;1097;4;5

990;3;648;3;8

990;9;2268;4;9

991;1;1097;4;12

991;3;648;3;4

991;9;2268;4;7

992;1;1193;5;7

992;3;648;3;16

992;9;2278;4;8

993;1;1197;3;8

993;3;653;4;8

993;9;2278;4;9

994;1;1197;3;4

994;3;653;4;4

994;9;2278;4;10

995;1;1197;3;3

995;3;653;4;5

995;9;2294;4;1

996;1;1197;3;6

996;3;733;5;8

996;9;2294;4;2

997;1;1207;4;7

997;3;733;5;4

997;9;2302;4;3

998;1;1246;4;7

998;3;733;5;10

998;9;2324;5;3

999;1;1270;5;3

999;3;1049;4;8

999;9;2324;5;7

1000;1;1270;5;12

1000;3;1049;4;4

1000;9;2355;4;1

1001;1;1287;5;8

1001;3;1079;5;3

1001;9;2355;4;2

1002;1;1287;5;4

1002;3;1136;5;3

1002;9;2355;4;3

1003;1;1287;5;7

1003;3;1196;4;8

1003;9;2571;5;8

1004;1;1545;4;7

1004;3;1196;4;4

1004;9;2571;5;12

1005;1;1566;4;4

1005;3;1196;4;7

1005;9;2571;5;10

1006;1;1566;4;1

1006;3;1196;4;12

1006;9;2599;2;3

1007;1;1566;4;2

1007;3;1196;4;14

1007;9;2692;4;8

1008;1;1566;4;3

1008;3;1197;5;8

1008;9;2692;4;9

1009;1;1566;4;15

1009;3;1197;5;4

1009;9;2692;4;6

1010;1;1721;4;7

1010;3;1197;5;3

1010;9;2762;4;10

1011;1;1721;4;6

1011;3;1197;5;6

1011;9;2858;4;3

1012;1;1836;5;7

1012;3;1198;5;8

1012;9;2858;4;7

1013;1;1907;4;1

1013;3;1198;5;4

1013;9;2890;5;7

1014;1;1907;4;2

1014;3;1210;4;8

1014;9;2890;5;14

1015;1;1961;5;7

1015;3;1210;4;4

1015;9;2959;4;7

1016;1;1962;4;7

1016;3;1210;4;6

1016;9;3006;3;7

1017;1;2018;4;1

1017;3;1210;4;12

1017;9;3114;4;1

1018;1;2018;4;2

1018;3;1210;4;14

1018;9;3114;4;2

1019;1;2028;5;8

1019;3;1259;5;4

1019;9;3114;4;3

1020;1;2028;5;7

1020;3;1259;5;3

1020;9;3147;4;7

1021;1;2028;5;14

1021;3;1259;5;7

1021;9;3147;4;10

1022;1;2294;4;1

1022;3;1261;1;8

1022;9;3148;3;7

1023;1;2294;4;2

1023;3;1261;1;4

1023;9;3160;3;7

1024;1;2321;3;3

1024;3;1261;1;3

1024;9;3178;3;7

1025;1;2340;3;6

1025;3;1261;1;11

1025;9;3253;4;3

1026;1;2355;5;1

1026;3;1265;2;3

1026;9;3255;4;3

1027;1;2355;5;2

1027;3;1265;2;6

1027;9;3255;4;7

1028;1;2355;5;3

1028;3;1266;5;18

1028;9;3270;3;7

1029;1;2398;4;7

1029;3;1270;3;3

1029;9;3298;4;7

1030;1;2687;3;1

1030;3;1270;3;12

1030;9;3301;2;3

1031;1;2687;3;2

1031;3;1291;4;8

1031;9;3301;2;9

1032;1;2692;4;8

1032;3;1291;4;4

1032;9;3408;4;7

1033;1;2692;4;9

1033;3;1304;5;8

1033;9;3452;2;8

1034;1;2692;4;6

1034;3;1304;5;3

1034;9;3452;2;6

1035;1;2762;4;10

1035;3;1304;5;18

1035;9;3484;2;10

1036;1;2791;4;3

1036;3;1378;5;8

1036;9;3510;3;7

1037;1;2797;4;3

1037;3;1378;5;3

1037;9;3510;3;10

1038;1;2797;4;5

1038;3;1378;5;18

1038;9;3513;3;7

1039;1;2804;5;3

1039;3;1379;4;8

1039;9;3513;3;10

1040;1;2804;5;7

1040;3;1379;4;3

1040;9;3623;4;8

1041;1;2918;4;3

1041;3;1379;4;18

1041;9;3623;4;10

1042;1;3105;5;7

1042;3;1394;4;3

1042;9;3717;3;8

1043;1;3114;4;1

1043;3;1431;3;8

1043;9;3717;3;9

1044;1;3114;4;2

1044;3;1431;3;3

1044;9;3751;4;1

1045;1;3114;4;3

1045;3;1580;3;8

1045;9;3751;4;2

1046;1;3186;4;7

1046;3;1580;3;4

1046;9;3751;4;3

1047;1;3408;4;7

1047;3;1580;3;3

1047;9;3755;2;8

1048;5;6;2;8

1049;5;6;2;9

1049;9;3755;2;4

1050;5;6;2;10

1050;9;3755;2;10

1051;5;16;3;7

1051;9;3793;4;8

1052;5;16;3;10

1052;9;3793;4;12

1053;5;24;1;7

1053;9;3826;2;11

1054;5;24;1;12

1054;9;3826;2;12

1055;5;29;5;4

1055;9;3826;2;10

1056;5;29;5;12

1056;9;3916;3;7

1057;5;32;4;7

1057;9;3948;3;3

1058;8;1;4;1

1059;6;1380;5;6

1059;8;110;5;7

1059;10;7;4;3

1060;6;1441;4;3

1060;8;110;5;14

1060;10;7;4;6

1061;6;1441;4;6

1061;8;111;5;7

1061;10;24;3;7

1062;6;1566;4;4

1062;8;111;5;10

1062;10;24;3;12

1063;6;1566;4;1

1063;8;150;4;7

1063;10;32;5;7

1064;6;1566;4;2

1064;8;151;4;7

1064;10;32;5;12

1065;6;1566;4;3

1065;8;151;4;6

1065;10;48;4;1

1066;6;1566;4;15

1066;8;151;4;14

1066;10;48;4;2

1067;6;1569;4;3

1067;8;161;3;7

1067;10;48;4;15

1068;6;1569;4;6

1068;8;161;3;10

1068;10;48;4;6

1069;6;1674;4;7

1069;8;161;3;14

1069;10;62;5;7

1070;6;1674;4;6

1070;8;163;5;8

1070;10;104;3;3

1071;6;1674;4;10

1071;8;163;5;6

1071;10;110;4;8

1072;6;1688;5;1

1072;8;163;5;10

1072;10;110;4;7

1073;6;1688;5;2

1073;8;230;4;7

1073;10;110;4;14

1074;6;1688;5;15

1074;8;230;4;10

1074;10;116;3;13

1075;6;1806;3;4

1075;8;253;5;7

1075;10;150;5;7

1076;6;1806;3;2

1076;8;253;5;11

1076;10;153;3;8

1077;6;1806;3;3

1077;8;265;4;7

1077;10;153;3;4

1078;6;1947;5;15

1078;8;265;4;6

1078;10;153;3;3

1079;6;1947;5;6

1079;8;266;4;7

1079;10;153;3;9

1080;6;1959;3;7

1080;8;266;4;6

1080;10;180;2;3

1081;6;1959;3;6

1081;8;266;4;14

1081;10;186;3;3

1082;6;2006;4;8

1082;8;266;4;18

1082;10;203;4;3

1083;6;2006;4;4

1083;8;269;4;7

1083;10;208;4;8

1084;6;2006;4;6

1084;8;282;3;7

1084;10;208;4;4

1085;6;2017;3;2

1085;8;288;5;8

1085;10;223;2;3

1086;6;2017;3;5

1086;8;288;5;10

1086;10;248;5;3

1087;6;2017;3;15

1087;8;296;5;9

1087;10;253;5;7

1088;6;2081;4;1

1088;8;296;5;7

1088;10;253;5;11

1089;6;2081;4;2

1089;8;337;5;7

1089;10;260;5;8

1090;6;2081;4;3

1090;8;345;3;3

1090;10;260;5;4

1091;6;2081;4;15

1091;8;345;3;7

1091;10;260;5;5

1092;6;2081;4;6

1092;8;349;4;8

1092;10;260;5;12

1093;6;2082;3;2

1093;8;349;4;4

1093;10;275;4;3

1094;6;2082;3;3

1094;8;349;4;10

1094;10;277;3;7

1095;6;2100;3;3

1095;8;377;4;8

1095;10;282;5;7

1096;6;2100;3;5

1096;8;377;4;6

1096;10;292;4;8

1097;6;2100;3;6

1097;8;377;4;10

1097;10;292;4;7

1098;6;2321;3;3

1098;8;393;2;8

1098;10;292;4;10

1099;6;2396;4;3

1099;8;454;3;7

1099;10;316;5;8

1100;6;2396;4;6

1100;8;454;3;10

1100;10;316;5;4

1101;6;2406;5;8

1101;8;465;5;8

1101;10;316;5;12

1102;6;2406;5;4

1102;8;465;5;7

1102;10;317;4;2

1103;6;2406;5;3

1103;8;465;5;14

1103;10;317;4;3

1104;6;2406;5;6

1104;8;476;3;3

1104;10;317;4;5

1105;6;2469;3;3

1105;8;476;3;7

1105;10;318;4;7

1106;6;2469;3;6

1106;8;480;5;8

1106;10;329;5;8

1107;6;2506;3;3

1107;8;480;5;4

1107;10;329;5;4

1108;6;2506;3;7

1108;8;480;5;12

1108;10;329;5;12

1109;6;2506;3;6

1109;8;506;3;7

1109;10;333;3;3

1110;6;2802;4;8

1110;8;508;3;7

1110;10;339;5;3

1111;6;2802;4;6

1111;8;510;3;7

1111;10;339;5;6

1112;6;2802;4;10

1112;8;524;5;7

1112;10;344;4;3

1113;6;2858;1;3

1113;8;527;4;7

1113;10;351;4;3

1114;6;2858;1;7

1114;8;527;4;14

1114;10;351;4;7

1115;6;2966;5;7

1115;8;538;3;7

1115;10;351;4;6

1116;6;3072;4;3

1116;8;555;4;8

1116;10;356;5;3

1117;6;3074;5;18

1117;8;555;4;9

1117;10;356;5;6

1118;6;3408;5;7

1118;8;555;4;6

1118;10;356;5;14

1119;6;3501;5;3

1119;8;562;5;3

1119;10;357;5;3

1120;6;3501;5;6

1120;8;562;5;7

1120;10;357;5;6

1121;6;3508;3;18

1121;8;589;5;8

1121;10;364;4;1

1122;6;3524;3;3

1122;8;589;5;12

1122;10;364;4;2

1123;6;3524;3;6

1123;8;589;5;10

1123;10;364;4;15

1124;6;3534;4;3

1124;8;608;5;9

1124;10;367;4;3

1125;6;3536;5;3

1125;8;608;5;7

1125;10;367;4;9

1126;6;3536;5;6

1126;8;608;5;10

1126;10;367;4;5

1127;6;3565;4;3

1127;8;650;5;7

1127;10;368;4;8

1128;6;3565;4;7

1128;8;733;3;8

1128;10;368;4;3

1129;6;3578;4;8

1129;8;733;3;4

1129;10;368;4;18

1130;6;3578;4;7

1130;8;733;3;10

1130;10;370;3;3

1131;6;3600;3;3

1131;8;741;5;1

1131;10;435;4;3

1132;6;3600;3;15

1132;8;741;5;12

1132;10;435;4;12

1133;6;3604;5;15

1133;8;908;5;7

1133;10;480;4;8

1134;6;3610;3;15

1134;8;908;5;10

1134;10;480;4;4

1135;6;3624;4;8

1135;8;1027;4;7

1135;10;480;4;12

1136;6;3682;3;18

1136;8;1059;3;7

1136;10;520;4;3

1137;6;3685;3;3

1137;8;1059;3;6

1137;10;527;4;7

1138;6;3685;3;7

1138;8;1120;4;7

1138;10;527;4;14

1139;6;3685;3;6

1139;8;1210;4;8

1139;10;539;5;3

1140;6;3699;4;4

1140;8;1210;4;4

1140;10;539;5;6

1141;6;3699;4;7

1141;8;1210;4;6

1141;10;541;5;17

1142;6;3699;4;6

1142;8;1210;4;12

1142;10;541;5;12

1143;6;3699;4;12

1143;8;1210;4;14

1143;10;542;4;3

1144;6;3717;4;8

1144;8;1213;5;9

1144;10;543;4;3

1145;6;3717;4;9

1145;8;1213;5;7

1145;10;543;4;6

1146;6;3753;5;8

1146;8;1265;5;3

1146;10;543;4;10

1147;6;3753;5;7

1147;8;1265;5;6

1147;10;551;3;2

1148;6;3753;5;14

1148;8;1274;5;4

1148;10;551;3;3

1149;6;920;4;7

1149;8;1274;5;1

1149;10;551;3;15

1150;6;920;4;6

1150;8;1274;5;12

1150;10;586;3;2

1151;6;920;4;14

1151;8;1274;5;10

1151;10;586;3;3

1152;6;1007;3;2

1152;8;1277;3;8

1152;10;587;5;3

1153;6;1007;3;3

1153;8;1277;3;7

1153;10;587;5;6

1154;6;1007;3;18

1154;8;1277;3;6

1154;10;587;5;10

1155;6;1028;4;2

1155;8;1357;4;7

1155;10;588;4;1

1156;6;1028;4;3

1156;8;1357;4;6

1156;10;588;4;2

1157;6;1028;4;15

1157;8;1393;5;7

1157;10;588;4;3

1158;6;1030;4;4

1158;8;1393;5;6

1158;10;588;4;15

1159;6;1030;4;1

1159;8;1411;5;7

1159;10;589;4;8

1160;6;1030;4;2

1160;8;1466;4;9

1160;10;589;4;12

1161;6;1030;4;15

1161;8;1466;4;7

1161;10;589;4;10

1162;6;1035;5;15

1162;8;1476;3;3

1162;10;590;5;4

1163;6;1043;4;7

1163;8;1476;3;7

1163;10;590;5;7

1164;6;1043;4;6

1164;8;1488;3;8

1164;10;590;5;18

1165;6;1088;5;15

1165;8;1488;3;7

1165;10;592;4;8

1166;6;1088;5;6

1166;8;1488;3;10

1166;10;592;4;4

1167;6;1101;4;8

1167;8;1488;3;14

1167;10;592;4;9

1168;6;1101;4;6

1168;8;1573;4;8

1168;10;592;4;7

1169;6;1188;4;3

1169;8;1573;4;12

1169;10;594;5;1

1170;6;1188;4;6

1170;8;1573;4;10

1170;10;594;5;2

1171;6;1210;3;8

1171;8;1580;4;8

1171;10;594;5;15

1172;6;1210;3;4

1172;8;1580;4;4

1172;10;595;5;1

1173;6;1210;3;6

1173;8;1580;4;3

1173;10;595;5;2

1174;6;1210;3;12

1174;8;1580;4;12

1174;10;595;5;15

1175;6;1210;3;14

1175;8;1589;4;9

1175;10;596;4;1

1176;6;1296;3;7

1176;8;1589;4;7

1176;10;596;4;2

1177;6;1296;3;6

1177;8;1589;4;16

1177;10;597;4;3

1178;6;1380;5;3

1178;8;1621;3;7

1178;10;597;4;6

1179;5;32;4;12

1179;8;1639;5;7

1179;9;1223;4;1

1180;5;34;4;2

1180;8;1639;5;6

1180;9;1223;4;3

1181;5;34;4;3

1181;8;1653;5;7

1181;9;1233;3;8

1182;5;34;4;7

1182;8;1653;5;12

1182;9;1233;3;7

1183;5;36;3;7

1183;8;1653;5;10

1183;9;1233;3;14

1184;5;39;3;3

1184;8;1660;3;7

1184;9;1265;4;3

1185;5;39;3;6

1185;8;1673;5;7

1185;9;1265;4;6

1186;5;41;4;7

1186;6;1380;5;15

1186;8;1678;5;7

1186;9;1307;4;3

1186;10;648;4;8

